Obtained by flashing the "Test_IR_remote_code_values.ino" sketch and the IDE's serial monitor.


Left
Decoded NEC: FD9867 (32 bits)
Raw (68): 4142 9000 -4400 600 -550 600 -550 550 -550 600 -550 550 -550 550 -600 550 -550 550 -600 550 -1600 600 -1650 550 -1650 600 -1600 600 -1650 550 -1650 600 -550 550 -1650 600 -1650 550 -550 550 -600 550 -1650 550 -1650 550 -600 550 -550 550 -600 550 -550 550 -1650 600 -1650 550 -550 550 -600 550 -1650 550 -1650 550 -1700 550 

Up
Decoded NEC: FD28D7 (32 bits)
Raw (68): 22932 9050 -4400 600 -550 600 -500 600 -550 600 -500 600 -550 550 -550 600 -550 550 -550 600 -1600 600 -1600 600 -1600 600 -1650 550 -1650 600 -1650 550 -550 550 -1700 550 -550 550 -600 550 -1650 550 -550 550 -1700 550 -550 550 -600 550 -550 550 -1650 550 -1700 550 -550 550 -1650 600 -550 550 -1650 550 -1650 600 -1650 550 

Right
Decoded NEC: FD8877 (32 bits)
Raw (68): -5382 9000 -4450 600 -500 600 -550 600 -500 600 -550 600 -500 600 -550 600 -500 600 -550 550 -1650 550 -1650 600 -1600 600 -1650 550 -1650 600 -1650 550 -550 550 -1700 550 -1650 550 -550 550 -600 550 -550 550 -1700 550 -550 550 -550 600 -550 550 -550 600 -1650 550 -1650 550 -1650 550 -600 550 -1650 550 -1650 600 -1650 550 

Down
Decoded NEC: FD6897 (32 bits)
Raw (68): -32356 9000 -4450 600 -550 550 -550 600 -550 550 -550 550 -600 550 -550 550 -600 550 -550 550 -1650 600 -1600 600 -1600 600 -1650 600 -1600 600 -1600 600 -550 600 -1650 550 -550 550 -1650 600 -1650 550 -550 550 -1700 550 -550 550 -550 600 -550 550 -1650 550 -600 550 -550 550 -1650 600 -550 550 -1650 550 -1700 550 -1650 550 

Ok
Decoded NEC: FDA857 (32 bits)
Raw (68): 12254 9000 -4450 600 -550 550 -550 550 -600 550 -550 550 -600 550 -550 550 -550 600 -550 550 -1650 600 -1600 600 -1600 600 -1650 550 -1650 600 -1600 600 -550 600 -1650 550 -1650 550 -550 600 -1650 550 -550 550 -1650 600 -550 550 -550 600 -550 550 -550 550 -1700 550 -550 550 -1650 600 -550 550 -1650 550 -1650 600 -1650 550 

1
Decoded NEC: FD00FF (32 bits)
Raw (68): -23780 9000 -4450 600 -550 550 -550 600 -550 550 -550 550 -600 550 -550 550 -600 550 -550 550 -1650 600 -1600 600 -1600 600 -1650 550 -1650 600 -1600 600 -550 550 -1650 600 -550 550 -550 600 -550 550 -550 550 -600 550 -550 550 -600 550 -550 550 -1650 550 -1700 550 -1650 550 -1650 550 -1650 600 -1650 550 -1650 550 -1650 550 

2
Decoded NEC: FD807F (32 bits)
Raw (68): 30754 9000 -4450 550 -600 550 -550 550 -550 600 -550 550 -550 600 -550 550 -550 550 -600 550 -1600 600 -1650 600 -1600 600 -1600 600 -1650 550 -1650 600 -550 550 -1650 600 -1650 550 -550 550 -600 550 -550 550 -550 600 -550 550 -550 550 -600 550 -550 550 -1700 550 -1650 550 -1650 550 -1650 600 -1650 550 -1650 550 -1650 600 

3
Decoded NEC: FD40BF (32 bits)
Raw (68): 23848 9000 -4450 600 -500 600 -550 550 -600 550 -550 550 -600 550 -550 550 -550 600 -550 550 -1650 550 -1650 600 -1600 600 -1650 550 -1650 600 -1600 600 -550 550 -1650 600 -550 550 -1650 550 -600 550 -550 550 -600 550 -550 550 -550 600 -550 550 -1650 550 -600 550 -1650 550 -1650 550 -1700 550 -1650 550 -1650 550 -1650 600 

4
Decoded NEC: FD20DF (32 bits)
Raw (68): 24370 9000 -4400 600 -550 600 -500 600 -550 600 -550 550 -550 550 -600 550 -550 550 -550 600 -1600 600 -1650 550 -1650 600 -1600 600 -1600 600 -1650 600 -550 550 -1650 550 -600 550 -550 550 -1650 550 -600 550 -550 550 -600 550 -550 550 -600 550 -1650 550 -1650 550 -600 550 -1650 550 -1650 550 -1650 600 -1650 550 -1650 550 

5
Decoded NEC: FDA05F (32 bits)
Raw (68): -15166 9000 -4400 600 -550 600 -550 550 -550 600 -550 550 -550 600 -550 550 -550 550 -600 550 -1600 600 -1650 600 -1600 600 -1600 600 -1650 550 -1650 600 -550 550 -1650 600 -1650 550 -550 550 -1650 600 -550 550 -550 550 -600 550 -550 550 -600 550 -550 550 -1650 600 -550 550 -1650 550 -1650 600 -1650 550 -1650 550 -1650 600 

6
Decoded NEC: FD609F (32 bits)
Raw (68): -1550 9000 -4400 600 -550 600 -550 550 -550 600 -550 550 -550 600 -550 550 -550 550 -600 550 -1600 600 -1650 550 -1650 600 -1600 600 -1650 550 -1650 600 -550 550 -1650 550 -600 550 -1650 550 -1650 550 -600 550 -550 550 -550 600 -550 550 -550 600 -1650 550 -550 550 -600 550 -1650 550 -1650 550 -1650 600 -1650 550 -1650 550 

7
Decoded NEC: FD10EF (32 bits)
Raw (68): 1884 9000 -4400 600 -550 600 -550 550 -550 600 -550 550 -550 550 -600 550 -550 550 -550 600 -1600 600 -1600 600 -1650 600 -1600 600 -1600 600 -1650 550 -600 550 -1650 550 -550 600 -550 550 -550 550 -1650 600 -550 550 -550 600 -550 550 -550 550 -1700 550 -1650 550 -1650 550 -600 550 -1650 550 -1650 550 -1650 600 -1650 550 

8
Decoded NEC: FD906F (32 bits)
Raw (68): 1342 9000 -4450 550 -600 550 -550 550 -600 550 -550 550 -550 600 -550 550 -550 600 -550 550 -1650 550 -1650 600 -1600 600 -1600 600 -1650 550 -1650 600 -550 550 -1650 550 -1700 550 -550 550 -600 550 -1650 550 -550 550 -600 550 -550 550 -600 550 -550 550 -1650 550 -1700 550 -550 550 -1650 550 -1700 550 -1650 550 -1650 550 

9
Decoded NEC: FD50AF (32 bits)
Raw (68): 31918 9000 -4400 600 -550 600 -550 550 -550 550 -600 550 -550 550 -550 600 -550 550 -550 600 -1600 600 -1600 600 -1650 550 -1650 600 -1600 600 -1650 550 -600 550 -1650 550 -550 550 -1700 550 -550 550 -1650 550 -600 550 -550 550 -600 550 -550 550 -1650 550 -600 550 -1650 550 -600 550 -1650 550 -1650 550 -1650 600 -1650 550 

*
Decoded NEC: FD30CF (32 bits)
Raw (68): 100 9000 -4450 600 -550 550 -550 550 -600 550 -550 550 -550 600 -550 550 -550 600 -550 550 -1650 550 -1650 600 -1600 600 -1600 600 -1650 600 -1600 600 -550 550 -1650 550 -600 550 -550 550 -1650 600 -1650 550 -550 550 -600 550 -550 550 -600 550 -1650 550 -1650 550 -600 550 -550 550 -1650 550 -1700 550 -1650 550 -1650 550 

0
Decoded NEC: FDB04F (32 bits)
Raw (68): 2768 8950 -4450 600 -500 600 -550 600 -550 550 -550 600 -550 550 -550 550 -600 550 -550 550 -1650 600 -1600 600 -1600 600 -1650 550 -1650 600 -1600 600 -550 550 -1650 600 -1650 550 -550 550 -1700 550 -1650 550 -550 550 -600 550 -550 550 -600 550 -550 550 -1650 550 -600 550 -550 550 -1650 600 -1650 550 -1650 550 -1650 600 

#
Decoded NEC: FD708F (32 bits)
Raw (68): -16396 8950 -4450 600 -550 550 -550 600 -550 550 -550 550 -600 550 -550 550 -550 600 -550 550 -1650 550 -1650 600 -1600 600 -1600 600 -1650 600 -1600 600 -550 550 -1650 600 -550 550 -1650 550 -1650 550 -1700 550 -550 550 -600 550 -550 550 -550 550 -1700 550 -550 550 -600 550 -550 550 -1650 550 -1700 550 -1650 550 -1650 550 


















1
FD00FF
Decoded NEC: FD00FF (32 bits)
Raw (68): 5682 8950 -4450 600 -550 550 -600 550 -550 600 -500 600 -550 600 -500 600 -550 600 -500 600 -1600 600 -1600 650 -1600 600 -1600 600 -1600 600 -1600 650 -500 600 -1600 600 -550 550 -600 550 -550 550 -600 550 -550 550 -550 600 -550 550 -550 600 -1650 550 -1650 550 -1650 550 -1700 550 -1650 550 -1650 550 -1650 600 -1650 550 

2
FD807F
Decoded NEC: FD807F (32 bits)
Raw (68): -29276 9000 -4400 600 -550 600 -550 550 -550 550 -600 550 -550 600 -550 550 -550 600 -500 600 -1600 600 -1600 650 -1600 600 -1600 600 -1600 650 -1600 600 -550 550 -1600 600 -1650 600 -550 550 -550 550 -600 550 -550 550 -600 550 -550 550 -550 600 -550 550 -1650 550 -1650 600 -1650 550 -1650 550 -1650 600 -1650 550 -1650 550 

3
FD40BF
Decoded NEC: FD40BF (32 bits)
Raw (68): 814 8950 -4450 600 -550 550 -600 550 -550 550 -550 600 -550 550 -550 550 -600 550 -550 550 -1650 600 -1600 600 -1650 550 -1650 600 -1650 550 -1650 550 -550 600 -1650 550 -550 550 -1650 600 -550 550 -550 600 -550 550 -550 550 -600 550 -550 550 -1650 600 -550 550 -1650 550 -1700 550 -1650 550 -1650 550 -1650 600 -1650 550 

4
FD20DF
Decoded NEC: FD20DF (32 bits)
Raw (68): -23908 9000 -4450 600 -550 550 -550 550 -600 550 -550 550 -600 550 -550 550 -550 600 -550 550 -1650 550 -1650 600 -1650 550 -1650 550 -1650 600 -1650 550 -550 550 -1650 600 -550 550 -550 550 -1650 600 -550 550 -600 550 -550 550 -550 600 -550 550 -1650 550 -1650 600 -550 550 -1650 550 -1700 550 -1650 550 -1650 550 -1650 600 

5
FDA05F
Decoded NEC: FDA05F (32 bits)
Raw (68): 13304 9000 -4450 600 -550 550 -550 550 -600 550 -550 600 -550 550 -550 550 -600 550 -550 600 -1600 550 -1700 550 -1650 600 -1600 550 -1650 600 -1650 550 -550 550 -1700 550 -1600 600 -550 600 -1650 550 -550 550 -600 550 -550 550 -550 600 -550 550 -550 600 -1650 550 -550 550 -1650 600 -1650 550 -1650 550 -1650 600 -1600 600 

6
FD609F
Decoded NEC: FD609F (32 bits)
Raw (68): 31970 9000 -4450 600 -500 600 -550 550 -550 600 -550 550 -600 500 -600 550 -550 550 -600 550 -1650 550 -1650 550 -1650 600 -1650 550 -1700 500 -1650 600 -550 550 -1650 550 -600 550 -1650 550 -1700 500 -600 550 -550 550 -600 550 -550 550 -550 600 -1650 550 -550 550 -600 550 -1650 550 -1650 550 -1700 550 -1650 550 -1650 600 

7
FD10EF
Decoded NEC: FD10EF (32 bits)
Raw (68): 19764 9000 -4450 550 -550 550 -600 550 -550 550 -600 550 -550 550 -600 550 -550 550 -550 600 -1600 600 -1650 550 -1650 600 -1650 550 -1650 550 -1650 550 -600 550 -1650 550 -600 550 -550 550 -550 600 -1600 600 -550 550 -600 550 -550 550 -600 550 -1650 550 -1650 550 -1650 600 -550 550 -1650 550 -1650 600 -1650 550 -1650 600 

8
FD906F
Decoded NEC: FD906F (32 bits)
Raw (68): -10182 9000 -4450 550 -550 600 -550 550 -550 600 -550 550 -600 500 -600 550 -550 550 -600 550 -1650 550 -1650 550 -1650 600 -1650 550 -1650 550 -1650 550 -600 550 -1650 550 -1700 550 -550 550 -600 500 -1700 550 -550 600 -550 550 -550 550 -550 550 -600 550 -1650 550 -1650 600 -550 600 -1600 550 -1700 550 -1650 550 -1650 550 

9
FD50AF
Decoded NEC: FD50AF (32 bits)
Raw (68): -28966 9000 -4450 550 -600 550 -550 600 -550 550 -550 550 -600 550 -550 600 -500 600 -550 550 -1650 550 -1650 600 -1650 550 -1650 550 -1650 600 -1650 550 -550 550 -1650 600 -550 550 -1650 600 -550 550 -1650 550 -550 600 -550 550 -550 550 -600 550 -1650 550 -550 600 -1600 600 -550 550 -1700 550 -1650 550 -1650 550 -1650 600 

*
FD30CF
Decoded NEC: FD30CF (32 bits)
Raw (68): 27036 9000 -4450 550 -600 550 -550 550 -550 600 -550 550 -550 600 -550 550 -550 550 -600 550 -1650 550 -1650 550 -1700 550 -1650 550 -1650 550 -1700 550 -550 550 -1650 550 -600 550 -550 550 -1650 600 -1650 550 -550 550 -600 550 -550 550 -600 550 -1650 550 -1650 550 -600 550 -550 550 -1650 550 -1700 550 -1650 550 -1650 550 

0
FDB04F
Decoded NEC: FDB04F (32 bits)
Raw (68): -18860 9000 -4400 600 -550 550 -600 550 -550 550 -600 550 -550 550 -600 550 -550 550 -550 600 -1600 600 -1650 550 -1650 600 -1600 600 -1650 550 -1650 550 -600 550 -1650 550 -1650 600 -550 550 -1650 550 -1650 600 -550 550 -550 550 -600 550 -550 550 -600 550 -1650 550 -550 600 -550 550 -1650 550 -1700 550 -1650 550 -1650 550 

#
FD708F
Decoded NEC: FD708F (32 bits)
Raw (68): 976 9000 -4450 550 -600 550 -550 550 -600 550 -550 550 -550 600 -550 550 -550 550 -600 550 -1650 550 -1650 600 -1650 550 -1650 550 -1650 550 -1650 600 -550 550 -1650 550 -600 550 -1650 550 -1650 550 -1700 550 -550 550 -600 550 -550 550 -550 600 -1650 550 -550 550 -600 550 -550 550 -1650 550 -1700 550 -1650 550 -1650 550 

Up
FD8877
Decoded NEC: FD8877 (32 bits)
Raw (68): 27712 9000 -4450 550 -550 600 -550 550 -550 550 -600 550 -550 550 -600 550 -550 550 -600 550 -1650 550 -1650 550 -1700 550 -1650 550 -1650 550 -1650 600 -550 600 -1600 550 -1700 550 -550 550 -600 550 -550 550 -1650 600 -550 550 -550 550 -600 550 -550 550 -1700 550 -1650 550 -1650 550 -600 550 -1600 600 -1650 550 -1700 550 

Left
FD28D7
Decoded NEC: FD28D7 (32 bits)
Raw (68): -15966 9000 -4500 550 -550 600 -550 550 -550 550 -600 550 -550 550 -550 600 -550 550 -550 600 -1650 550 -1650 550 -1650 600 -1650 550 -1650 550 -1650 600 -550 600 -1600 550 -600 550 -550 550 -1700 550 -550 550 -1650 600 -550 550 -550 600 -550 550 -1650 550 -1700 550 -550 550 -1650 600 -550 550 -1650 550 -1650 600 -1650 550 

Ok
FDA857
Decoded NEC: FDA857 (32 bits)
Raw (68): -32046 9000 -4450 600 -550 600 -500 600 -550 550 -550 550 -600 550 -550 550 -600 550 -550 550 -1650 600 -1650 550 -1650 550 -1650 600 -1650 550 -1650 550 -550 600 -1650 550 -1650 550 -550 600 -1650 550 -550 550 -1700 550 -550 550 -550 600 -550 550 -550 600 -1650 550 -550 550 -1650 600 -550 550 -1650 550 -1650 600 -1600 600 

Right
FD6897
Decoded NEC: FD6897 (32 bits)
Raw (68): 32190 9000 -4450 550 -600 550 -550 550 -600 550 -550 550 -550 600 -550 550 -550 600 -550 550 -1650 550 -1650 600 -1650 550 -1650 550 -1650 600 -1600 600 -550 550 -1650 600 -550 550 -1650 550 -1700 550 -550 550 -1650 550 -600 550 -550 550 -600 550 -1650 600 -500 600 -550 550 -1650 550 -600 550 -1650 550 -1650 550 -1700 550 

Down
FD9867
Decoded NEC: FD9867 (32 bits)
Raw (68): -14660 9050 -4400 600 -550 550 -600 550 -550 550 -600 550 -550 550 -600 550 -550 550 -550 600 -1600 600 -1650 550 -1650 600 -1600 600 -1650 550 -1650 600 -550 550 -1650 550 -1700 550 -550 550 -600 550 -1650 550 -1650 550 -600 550 -550 550 -600 550 -550 550 -1650 600 -1650 550 -550 550 -600 550 -1650 550 -1650 550 -1700 550 
